a[0] = 0.006200
a[1] = 0.326400
a[2] = 0.226900
a[3] = 1.428300
a[4] = 0.347910
a[5] = 0.253170
a[6] = 0.224470
a[7] = 0.285650
a[8] = 0.094960
a[9] = 0.308110
a[10] = 0.471210
a[11] = 0.187200
a[12] = 0.341360
a[13] = 0.336760
a[14] = 0.187040
a[15] = 0.193190
a[16] = 0.091670
a[17] = 0.208110
a[18] = 0.430650
a[19] = 0.229250
a[20] = 1.986000
a[21] = 0.902000
a[22] = 2.273000
a[23] = 1.126800
a[24] = 0.250310
a[25] = 0.274360
a[26] = 0.199300
a[27] = 0.183230
a[28] = 0.148230
a[29] = 0.565600
a[30] = 0.278970
a[31] = 0.210230
a[32] = 0.313440
a[33] = 0.309020
a[34] = 0.294940
a[35] = 0.125820
a[36] = 0.089720
a[37] = 0.230530
a[38] = 0.303000
a[39] = 0.208960